0.0 0.0 0.0 0.0 0.0
57.0 0.0 0.0 0.0 0.0
57.0 59.0 0.0 0.0 0.0
57.0 59.0 -38.0 0.0 0.0
57.0 59.0 -38.0 -37.0 0.0
57.0 59.0 -38.0 -37.0 0.0
-11.0 -13.0 -1.0 1.0 0.0
24.0 24.0 -32.0 1.0 0.0
49.0 48.0 -1.0 1.0 0.0
49.0 48.0 -1.0 1.0 0.0
22.0 -12.0 -36.0 32.0 0.0
22.0 -12.0 -36.0 32.0 0.0
22.0 -12.0 -36.0 32.0 -64.0
49.0 48.0 -1.0 1.0 0.0
49.0 48.0 -1.0 1.0 0.0
-23.0 24.0 46.0 -50.0 0.0
-23.0 24.0 46.0 -50.0 0.0
-23.0 24.0 46.0 -50.0 62.0
49.0 48.0 -1.0 1.0 0.0
-33.0 -35.0 0.0 0.0 0.0 
-4.0 -3.0 0.0 0.0 0.0 
-33.0 -35.0 0.0 0.0 0.0 
-4.0 -3.0 0.0 0.0 0.0 
-33.0 -35.0 0.0 0.0 0.0 
-4.0 -3.0 0.0 0.0 0.0 
0.0 0.0 0.0 0.0 0.0
0.0 0.0 0.0 0.0 -71.0 
0.0 0.0 0.0 0.0 -124.0 
0.0 0.0 0.0 0.0 -215.0 
0.0 0.0 0.0 0.0 -307.0 
0.0 0.0 0.0 0.0 -360.0 
0.0 0.0 0.0 0.0 -360.0 
0.0 0.0 0.0 0.0 -307.0 
0.0 0.0 0.0 0.0 -215.0 
0.0 0.0 0.0 0.0 -124.0 
0.0 0.0 0.0 0.0 -71.0 
0.0 0.0 0.0 0.0 0.0
-11.0 -13.0 -1.0 1.0 0.0
24.0 24.0 -32.0 1.0 0.0
-11.0 -13.0 -1.0 1.0 0.0
24.0 24.0 -32.0 1.0 0.0
-33.0 -35.0 0.0 0.0 0.0 
-4.0 -3.0 0.0 0.0 0.0 
-33.0 -35.0 0.0 0.0 0.0 
-4.0 -3.0 0.0 0.0 0.0 